  0   130   120   220   190   265   455   915   890   470  1090  1290  1145   640   575   725   915  2075  1490  1870   940  1280  2095  2470  2210  2090  1795   465  1770   655  1255  1430  1665   895   915   820   910   710  1000   945   885   775   945  1030   610     1045
  130     0   160   340   320   305   585  1045  1020   590  1210  1410  1275   760   705   855   785  1945  1360  1740   810  1410  1965  2340  2080  1960  1665   335  1885   525  1385  1300  1535  1025  1045   950  1040   840  1130  1075  1015   905  1075  1160   740  1175
  120   160     0   180   210   145   575   985  1010   430  1050  1250  1215   600   695   845   945  2105  1520  1900   970  1350  2125  2500  2240  2120  1825   495  1840   685  1375  1460  1695  1015  1035   940  1030   830  1120  1065  1005   895  1065  1150   730  1165
  220   340   180     0   320   325   675   805  1110   250   870  1070  1035   420   795   945  1125  2285  1700  2080  1150  1170  2305  2680  2420  2300  2005   675  1660   865  1335  1640  1875  1115  1135  1040  1130   930  1220  1165  1105   995  1165  1250   830  1265
  190   260   210   320     0   350   645  1105  1080   570  1190  1390  1335   740   765   915  1045  2205  1620  2000  1070  1470  2225  2600  2340  2220  1925   595  1960   785  1445  1560  1795  1085  1105  1010  1100   900  1190  1135  1075   965  1135  1220   800  1235
  265   305   145   325   355     0   720  1130  1155   575  1195  1395  1360   745   840   990  1090  2250  1665  2045  1115  1495  2270  2645  2385  2265  1970   640  1985   830  1520  1605  1840  1160  1180  1085  1175   975  1265  1210  1150  1040  1210  1295   875  1310
  455   585   575   675   645   720     0   460   435   925  1295  1495   690   845   120   270  1370  2175  1945  2325  1040   825  2550  2925  2665  2545  2250   920  1315   755   800  1530  2120  1350  1370  1275  1365  1165  1455  1400  1340  1230  1400  1485  1065  1500
  915  1045   985   805  1105  1130   460     0   365   555   835  1035   230   385   580   730  1830  2085  2405  2785  1500   365  3010  3385  3125  3005  2710  1380   855  1215   530  1440  2580  1810  1830  1735  1825  1625  1915  1860  1800  1690  1860  1945  1525  1960
  890  1020  1010  1110  1080  1155   435   365     0   920  1200  1400   595   750   555   705  1805  2450  2380  2760  1475   730  2985  3360  3100  2980  2685  1355  1220  1190   895  1805  2555  1785  1805  1710  1800  1600  1890  1835  1775  1665  1835  1920  1500  1935
  470   590   430   250   570   575   925   555   920     0   620   820   785   170  1045  1195  1375  2535  1950  2330  1400   920  2555  2930  2670  2550  2255   925  1410  1115  1085  1890  2125  1365  1385  1290  1380  1180  1470  1415  1355  1245  1415  1500  1080  1515
 1090  1210  1050   870  1190  1195  1295   835  1200   620     0  1100  1065   450  1415  1565  1995  2920  2570  2950  2020  1200  3175  3550  3290  3170  2875  1545  1690  1735  1365  2275  2745  1985  2005  1910  2000  1800  2090  2035  1975  1865  2035  2120  1700  2135
 1290  1410  1250  1070  1390  1395  1495  1035  1400   820  1100     0  1265   650  1615  1765  2195  3120  2770  3150  2220  1400  3375  3750  3490  3370  3075  1745  1890  1935  1565  2475  2945  2185  2205  2110  2200  2000  2290  2235  2175  2065  2235  2320  1900  2335
 1145  1275  1215  1035  1335  1360   690   230   595   785  1065  1265     0   615   810   960  2060  1855  2635  3015  1700   135  3240  3615  3355  3235  2940  1610   625  1445   300  1210  2810  2040  2060  1965  2055  1855  2145  2090  2030  1920  2090  2175  1755  2190
  640   760   600   420   740   745   845   385   750   170   450   650   615     0   965  1115  1545  2470  2120  2500  1570   750  2725  3100  2840  2720  2425  1095  1240  1285   915  1825  2295  1535  1555  1460  1550  1350  1640  1585  1525  1415  1585  1670  1250  1685
  575   705   695   795   765   840   120   580   555  1045  1415  1615   810   965     0   150  1275  2055  1850  2230   920   845  2455  2830  2570  2450  2155   825  1335   635   680  1410  2025  1470  1490  1395  1485  1285  1575  1520  1460  1350  1520  1605  1185  1620
  725   855   845   945   915   990   270   730   705  1195  1565  1765   960  1115   150     0  1125  1905  1700  2080   770   995  2305  2680  2420  2300  2005   675  1485   485   830  1260  1875  1620  1635  1545  1635  1435  1720  1670  1610  1500  1670  1755  1335  1770
  940   810   970  1150  1130  1115  1395  1855  1830  1400  2020  2220  2085  1570  1300  1150     0  2085   575   955   950  2145  1180  1555  1295  1175   880   475  2025   665  1980  1440   750   900   510   825   915   715   595   925   935   980  1150  1035   815   775
 2075  1945  2105  2285  2265  2250  2175  2085  2450  2535  2920  3120  1855  2470  2055  1905  2060     0  2635  3015  1135  1720  3240  3615  3355  3235  2940  1610  1230  1420  1885   645  2810  2960  2570  2885  2975  2775  2655  2985  2960  2850  3020  3095  2685  2835
 1515  1385  1545  1725  1705  1690  1970  2430  2405  1975  2595  2795  2660  2145  1875  1725   575  2660     0   380  1525  2720   605   980   720   600   305  1050  2600  1240  2555  2015   175  1475  1085  1400  1490  1290  1170  1500  1510  1555  1725  1610  1390  1350
 2295  2165  2325  2505  2485  2470  2750  3210  3185  2755  3375  3575  3440  2925  2655  2505  1355  3440   780     0  2305  3500  1385   600   340   220  1085  1830  3380  2020  3335  2795   605  2255  1865  2180  2270  2070  1950  2280  2290  2335  2505  2390  2170  2130
  940   810   970  1150  1130  1115  1040  1500  1475  1400  2020  2220  1700  1570   920   770   925  1135  1500  1880     0  1565  2105  2480  2220  2100  1805   475  1075   285  1600   490  1675  1825  1435  1750  1840  1640  1520  1850  1825  1715  1885  1960  1550  1700
 1280  1410  1350  1170  1470  1495   825   365   730   920  1200  1400   135   750   845   995  2120  1720  2695  3075  1565     0  3300  3675  3415  3295  3000  1670   490  1480   165  1075  2870  2175  2195  2100  2190  1990  2280  2225  2165  2055  2225  2310  1890  2325
 2120  1990  2150  2330  2310  2295  2575  3035  3010  2580  3200  3400  3265  2750  2480  2330  1180  3265   605   985  2130  3325     0  1585  1325  1205   300  1655  3205  1845  3160  2620   780  2080  1690  2005  2095  1895  1775  2105  2115  2160  2330  2215  1995  1955
 2895  2765  2925  3105  3085  3070  3350  3810  3785  3355  3975  4175  4040  3525  3255  3105  1955  4040  1380   600  2905  4100  1985     0   940   820  1685  2430  3980  2620  3935  3395  1205  2855  2465  2780  2870  2670  2550  2880  2890  2935  3105  2990  2770  2730
 2635  2505  2665  2845  2825  2810  3090  3550  3525  3095  3715  3915  3780  3265  2995  2845  1695  3780  1120   340  2645  3840  1725   940     0   120  1425  2170  3720  2360  3675  3135   945  2595  2205  2520  2610  2410  2290  2620  2630  2675  2845  2730  2510  2470
 2515  2385  2545  2725  2705  2690  2970  3430  3405  2975  3595  3795  3660  3145  2875  2725  1575  3660  1000   220  2525  3720  1605   820   120     0  1305  2050  3600  2240  3555  3015   825  2475  2085  2400  2490  2290  2170  2500  2510  2555  2725  2610  2390  2350
 1820  1690  1850  2030  2010  1995  2275  2735  2710  2280  2900  3100  2965  2450  2180  2030   880  2965   305   685  1830  3025   300  1285  1025   905     0  1355  2905  1545  2860  2320   480  1780  1390  1705  1795  1595  1475  1805  1815  1860  2030  1915  1695  1655
  465   335   495   675   655   640   920  1380  1355   925  1545  1745  1610  1095   825   675   450  1610  1025  1405   475  1670  1630  2005  1745  1625  1330     0  1550   190  1505   965  1200  1350   960  1275  1365  1165  1045  1375  1350  1240  1410  1485  1075  1225
 1770  1885  1840  1660  1960  1985  1315   855  1220  1410  1690  1890   625  1240  1335  1485  2000  1230  2575  2955  1075   490  3180  3555  3295  3175  2880  1550     0  1360   655   585  2750  2665  2510  2590  2680  2480  2595  2715  2655  2545  2715  2800  2380  2775
  655   525   685   865   845   830   755  1215  1190  1115  1735  1935  1445  1285   635   485   640  1420  1215  1595   285  1480  1820  2195  1935  1815  1520   190  1360     0  1315   775  1390  1540  1150  1465  1555  1355  1235  1565  1540  1430  1600  1675  1265  1415
 1255  1385  1375  1335  1445  1520   800   530   895  1085  1365  1565   300   915   680   830  1955  1885  2530  2910  1600   165  3135  3510  3250  3130  2835  1505   655  1315     0  1240  2705  2150  2170  2075  2165  1965  2255  2200  2140  2030  2200  2285  1865  2300
 1430  1300  1460  1640  1620  1605  1530  1440  1805  1890  2275  2475  1210  1825  1410  1260  1415   645  1990  2370   490  1075  2595  2970  2710  2590  2295   965   585   775  1240     0  2165  2315  1925  2240  2330  2130  2010  2340  2315  2205  2375  2450  2040  2190
 1690  1560  1720  1900  1880  1865  2145  2605  2580  2150  2770  2970  2835  2320  2050  1900   750  2835   175   205  1700  2895   780   805   545   425   480  1225  2775  1415  2730  2190     0  1650  1260  1575  1665  1465  1345  1675  1685  1730  1900  1785  1565  1525
  895  1025  1015  1115  1085  1160  1350  1810  1785  1365  1985  2185  2040  1535  1470  1620   900  2970  1475  1855  1835  2175  2080  2455  2195  2075  1780  1360  2665  1550  2150  2325  1650     0   390   295   385   185   475   420   560   450   300   505   285   655
  915  1045  1035  1135  1105  1180  1370  1830  1805  1385  2005  2205  2060  1555  1490  1640   510  2595  1085  1465  1460  2195  1690  2065  1805  1685  1390   985  2535  1175  2170  1950  1260   390     0   315   405   205    85   415   425   470   640   525   305   265
  805   935   925  1025   995  1070  1260  1720  1695  1275  1895  2095  1950  1445  1380  1530   810  2880  1385  1765  1745  2085  1990  2365  2105  1985  1690  1270  2575  1460  2060  2235  1560   280   300     0   295    95   385   125   320   360   530   415   195   480
  910  1040  1030  1130  1100  1175  1365  1825  1800  1380  2000  2200  2055  1550  1485  1635   915  2985  1490  1870  1850  2190  2095  2470  2210  2090  1795  1375  2680  1565  2165  2340  1665   385   405   310     0   200   490   435   345   465   635   120   300   505
  710   840   830   930   900   975  1165  1625  1600  1180  1800  2000  1855  1350  1285  1435   715  2785  1290  1670  1650  1990  1895  2270  2010  1890  1595  1175  2480  1365  1965  2140  1465   185   205   110   200     0   290   235   375   265   435   320   100   470
 1000  1130  1120  1220  1190  1265  1455  1915  1890  1470  2090  2290  2145  1640  1575  1725   595  2680  1170  1550  1545  2280  1775  2150  1890  1770  1475  1070  2620  1260  2255  2035  1345   475    85   400   490   290     0   500   340   555   725   600   390   180
  930  1060  1050  1150  1120  1195  1385  1845  1820  1400  2020  2220  2075  1570  1505  1655   925  3005  1500  1880  1870  2210  2105  2480  2220  2100  1805  1395  2700  1585  2185  2360  1675   405   415   125   420   220   500     0   195   485   655   455   320   355
  885  1015  1005  1105  1075  1150  1340  1800  1775  1355  1975  2175  2030  1525  1460  1610   935  2960  1510  1890  1825  2165  2115  2490  2230  2110  1815  1350  2655  1540  2140  2315  1685   560   425   320   345   375   340   195     0   440   610   260   275   160
  775   905   895   995   965  1040  1230  1690  1665  1245  1865  2065  1920  1415  1350  1500   980  2850  1555  1935  1715  2055  2160  2535  2275  2155  1860  1240  2545  1430  2030  2205  1730   450   470   375   465   265   555   500   440     0   170   585   165   600
  945  1075  1065  1165  1135  1210  1400  1860  1835  1415  2035  2235  2090  1585  1520  1670  1150  3020  1725  2105  1885  2225  2330  2705  2445  2325  2030  1410  2715  1600  2200  2375  1900   300   640   545   635   435   725   670   610   170     0   755   335   770
 1030  1160  1150  1250  1220  1295  1485  1945  1920  1500  2120  2320  2175  1670  1605  1755  1035  3105  1610  1990  1970  2310  2215  2590  2330  2210  1915  1495  2800  1685  2285  2460  1785   505   525   430   120   320   600   455   260   585   755     0   420   420
  610   740   730   830   800   875  1065  1525  1500  1080  1700  1900  1755  1250  1185  1335   815  2685  1390  1770  1550  1890  1995  2370  2110  1990  1695  1075  2380  1265  1865  2040  1565   285   305   210   300   100   390   335   275   165   335   420     0   435
 1045  1175  1165  1265  1235  1310  1500  1960  1935  1515  2135  2335  2190  1685  1620  1770   775  2860  1350  1730  1725  2325  1955  2330  2070  1950  1655  1250  2800  1440  2300  2215  1525   655   265   480   505   470   180   355   160   600   770   420   435     0